+-----+------------------+
|label|prediction        |
+-----+------------------+
|34.3 |34.3875           |
|56.2 |55.67500000000001 |
|22.1 |16.860000000000007|
|48.1 |29.30000000000001 |
|45.4 |49.03684210526316 |
|21.8 |33.258333333333326|
|34.6 |41.922222222222224|
|71.0 |55.67500000000001 |
|7.6  |38.56037735849056 |
|12.2 |18.1              |
|45.1 |23.79193548387097 |
|39.4 |49.269999999999996|
|37.4 |38.56037735849056 |
|25.5 |23.79193548387097 |
|44.0 |38.56037735849056 |
|49.0 |49.03684210526316 |
|40.2 |45.32708333333334 |
|33.4 |28.17142857142856 |
|21.7 |28.17142857142856 |
|44.0 |49.03684210526316 |
+-----+------------------+
only showing top 20 rows